3261
8651
48723
22108
42157
34664
7743
64923
14275
2958
57372
36791
40616
32470
56462
1816
63797
20350
64835
43357
8987
38710
6729
35303
18977
60251
59451
17255
26812
59874
14204
34951
35224
18929
18111
29521
64721
32439
12160
10838
39637
24878
59577
26806
62716
33485
9899
13453
56726
43897
38106
64738
2561
2359
54557
65207
5794
62413
4744
7925
55097
4672
17632
61032
25530
43076
57316
50343
37751
54816
13492
24685
50011
27398
20974
17876
39307
22542
29756
51145
36401
58818
54286
53106
65450
5928
47471
46375
32009
30781
39841
59546
20074
19111
49797
27554
31646
13963
27445
55990
8475
30530
4785
41473
38317
53239
61589
11272
6813
21450
15213
4562
49412
25548
57324
16923
8977
58197
28464
32767
9366
64868
11641
45014
21496
25475
3521
64700
49600
27964
44726
43313
20896
11706
62858
13049
4676
30969
64234
38108
4594
62050
43161
49592
17059
59536
39541
47688
14854
50549
48961
50143
11753
51974
29538
39134
19724
19452
46447
56693
9486
26996
59657
35691
57446
64060
56120
24423
55669
49997
21452
63732
59923
47796
5172
21811
30518
6920
19756
31362
1988
34362
7326
39457
6460
3754
52186
2977
20010
28096
15959
26088
18024
62435
12918
37270
51560
22175
47944
6887
5165
45997
17162
50058
22707
12916
46520
33351
57457
11673
24735
50231
63625
52198
2699
3258
20892
16201
42840
35786
57353
23001
25755
8362
28949
59585
10994
38666
3923
60146
52096
63744
16807
43645
6832
12023
3591
25464
5000
6629
10385
9864
41201
631
41528
14299
57278
60192
56612
16897
5133
47550
14704
18045
23072
39410
22594
32958
30000
41345
38562
13199
24971
65164
27179
6400
18765
35375
6430
29196
45029
58254
12882
18799
36708
32185
39403
46381
26243
47143
45621
53192
63160
64673
28175
56803
33271
26548
6523
64248
32421
2397
38326
38954
61862
52243
14020
46986
22846
26438
33086
50243
29387
61943
44521
8617
16611
6298
7825
30773
55788
12517
12721
39962
28776
21847
4695
56850
10441
60105
1057
10215
5267
60138
6642
29669
43587
41267
28155
48304
23801
13041
37947
14924
20712
61604
45829
44491
18827
38307
6278
12067
49148
60565
17975
48304
61772
55944
54360
2483
47677
18703
42473
21844
17941
24733
8659
36449
11450
47357
21905
38265
18520
46346
27093
63426
44922
60051
57279
11279
13622
58887
60976
58254
8394
38265
43099
53807
30841
23967
35221
59878
62311
8329
40018
6986
4904
1625
52237
34257
58096
32601
31034
40595
46814
64015
7180
15868
1348
2519
31899
1994
3336
362
44437
3337
39601
15032
51167
29146
32950
47309
12774
57616
37423
29572
43810
35333
26806
17839
7073
43533
29185
8041
22103
24198
40711
9637
13442
55138
14447
53309
9599
26591
27121
50844
2810
21684
54136
15175
55792
20551
6725
17933
28489
3760
444
19894
38879
14569
59804
60195
53497
51360
51690
60139
27822
49376
29328
44571
52940
37824
14712
18671
30639
56877
37952
25953
46198
35275
50813
18884
35933
44301
45487
65315
62147
33841
33757
41571
19017
46704
1210
33897
55301
27101
21042
6808
13351
53870
11198
33005
61397
21906
23324
45844
17604
47108
12327
53553
31379
18237
28638
2398
56787
32632
906
50847
24121
19129
22389
58238
45521
55579
55289
1963
52047
65265
45976
26506
30595
32360
51116
36929
37423
12382
59198
9585
51883
28568
63304
48377
52710
51770
21665
50097
39702
58426
48456
23010
6982
47614
23522
53705
61467
29034
24660
17356
3097
33014
48823
64923
37910
52391
44435
18798
59254
6143
28882
43791
28823
48750
65341
40927
4516
31176
26595
47022
316
19488
19196
27675
42776
40984
45418
1531
18542
56521
30440
39332
61302
257
61367
18120
7814
8406
33557
29823
20131
41212
25290
22746
35077
53460
3363
17154
17220
40785
52479
33144
1253
60352
21033
27212
54091
47696
54948
45788
21557
63874
6901
32329
32870
43320
3823
3990
27774
64164
60807
64685
32617
20952
19452
56386
39086
6736
30244
22589
30483
53307
63158
6985
48761
60460
22918
26699
31680
65269
49887
8303
64631
64434
35057
17997
22250
44770
28309
33900
33645
46837
49208
8684
27278
1378
26637
738
41602
19216
3331
39402
43473
34931
41822
63316
31579
56488
7632
46789
12665
14382
32147
24589
47184
41784
40588
47617
1062
46457
17769
34815
60478
53782
6080
37731
20296
56842
58718
47898
63657
58977
40096
62368
26441
30214
13830
45733
62508
58710
5003
41535
23156
28618
45763
47498
36973
21161
3005
62133
37749
8894
42583
58029
60434
10987
57926
62197
34193
18996
26610
3514
4724
64029
28554
13307
50670
62891
60582
57604
10237
15082
38356
56090
18050
44050
50284
20822
26499
34624
53450
256
41094
58313
38186
51936
41467
50983
21709
16831
32136
39301
18779
37022
59226
30493
25730
51034
14193
16479
29509
29144
23694
21345
16932
1680
47394
32158
55534
34721
1997
12756
35156
56313
33396
8986
47153
18035
35253
39033
52602
46492
29637
41786
5536
53840
20215
43696
4106
64416
44639
51693
21540
11784
50054
23465
290
63677
26718
56868
26230
36987
30082
28868
1118
6529
3043
28591
9962
58641
58208
49856
41698
30631
23222
64888
50478
16047
58878
22789
27371
19708
39095
20614
50410
52956
17580
28255
15459
6043
61600
57419
47975
50424
1617
10990
43354
61315
24597
54545
54700
21403
32826
58174
24659
52156
30971
17820
13241
64650
63545
63652
36290
15267
12167
7507
20681
11746
60709
2933
49470
26376
48528
45182
965
11597
48605
2976
10804
65072
23819
25706
7763
18562
29786
55494
61212
8440
15547
63889
21551
17481
61311
36573
63881
10902
39814
62980
57262
3532
33704
20717
53392
48580
26605
26299
19358
50170
28466
24456
599
25419
6807
44694
58853
18738
11626
36083
11482
35650
50177
25120
41371
44937
51121
44344
60706
51048
28333
16227
39528
64598
49599
29831
56198
41848
2149
10600
65141
61925
9027
21159
17084
38500
65150
44852
57155
51312
28255
15960
28352
9669
39447
3649
19729
450
1972
4077
18398
31479
62158
53479
11215
52518
45563
65141
28010
22452
65394
8486
25518
50047
17507
3908
10992
36379
58763
43191
27340
7610
45109
52145
29151
56949
10715
24430
43165
59880
48999
23886
30985
25398
52534
63815
57078
11692
45872
17674
49771
33267
45618
48541
38898
22246
3776
15838
3873
44644
57773
29051
37644
54702
